40.728577 , -73.993757
40.763183 , -73.965796
40.747987 , -73.992486
40.723906 , -74.000114
40.722521 , -73.988112
40.739253 , -73.991567
40.718376 , -73.960565
40.717026 , -74.008312
40.740037 , -73.985367
40.677148 , -73.972749
40.690298 , -73.992255
40.769253 , -73.982564
40.743196 , -74.000323
40.683642 , -73.992328
40.80389 , -73.967311
40.724028 , -73.995762
40.759254 , -73.991618
40.809398 , -73.95008
40.779929 , -73.982054
40.719926 , -74.001634
40.73656 , -74.030241
40.736748 , -73.611722
41.030733 , -73.759392
40.548063 , -74.335706
41.100722 , -73.419054
40.739253 , -73.991492
40.917774 , -74.0763
40.87886 , -73.904163
40.74155 , -74.006165
40.741055 , -74.049222
41.052192 , -73.534843
40.731459 , -74.003764
40.756588 , -73.928411
40.72692 , -73.985056
40.705144 , -73.645194
41.099964 , -73.45047
40.702945 , -73.986871
40.74919 , -73.986998
40.734387 , -73.870304
40.718583 , -74.002802
40.61038 , -73.920871
40.705272 , -73.645043
40.776478 , -74.353684
40.738738 , -73.614034
40.957508 , -73.870844
40.54686 , -74.336008
40.754929 , -73.989634
40.773307 , -73.531644
40.5829 , -74.165901
40.773477 , -73.518959
40.727066 , -74.038439
40.81527 , -74.13013
40.760778 , -73.975172
40.778991 , -73.777161
40.678897 , -73.896301
40.662113 , -73.719904
40.625256 , -73.638
40.957517 , -73.870847
40.7518 , -73.989825
40.423068 , -74.381983
40.748284 , -73.986901
40.907877 , -74.554655
40.655043 , -74.016229
41.031682 , -73.760704
41.052837 , -73.537122
40.556347 , -74.299063
41.096752 , -73.95611
40.597438 , -74.259012
40.657192 , -74.006313
40.647176 , -73.572439
40.720726 , -74.001088
40.706925 , -74.004398
40.762598 , -73.974662
40.762123 , -73.974824
41.031705 , -73.770763
40.751885 , -73.99145
40.750091 , -73.93695
40.754894 , -73.990763
40.7825 , -73.98119
40.772137 , -73.964852
40.628217 , -74.005915
40.722725 , -73.999323
40.7561 , -73.993258
40.75423 , -73.981986
40.755294 , -73.992797
40.722666 , -73.954829
40.75743 , -73.977614
40.722576 , -73.995741
40.709714 , -74.011365
40.762811 , -73.975258
40.739532 , -74.006634
40.722437 , -73.998983
40.753378 , -73.987669
40.705395 , -74.012786
40.664406 , -73.686263
40.762368 , -73.973999
40.740883 , -74.006576
40.750476 , -73.989906
40.622746 , -74.027904
40.76073 , -73.917342
40.867889 , -74.551466
40.705279 , -73.64501
40.761934 , -73.976114
40.749499 , -73.987603
40.680174 , -73.978115
40.785083 , -73.955511
40.883021 , -74.247267
40.662659 , -73.698766
40.757487 , -73.977686
40.724968 , -73.998897
40.764522 , -73.970294
40.768459 , -73.968127
40.840349 , -73.863774
40.722354 , -74.003361
40.789195 , -73.976185
40.735187 , -74.005041
40.754908 , -73.978672
40.725223 , -73.997137
40.766829 , -74.194967
40.752002 , -73.989438
40.68164 , -73.996379
40.736082 , -73.991345
40.743238 , -73.993113
40.745437 , -73.998022
40.760965 , -73.96628
40.749083 , -73.9846
40.751131 , -73.987355
40.75482 , -73.989716
40.722744 , -73.995806
40.758922 , -73.985505
40.748532 , -74.027846
40.724818 , -73.999726
40.315337 , -74.504269
40.679446 , -74.163304
40.594881 , -73.956447
40.723028 , -73.999101
40.796409 , -73.670208
40.726861 , -73.994938
40.809804 , -73.949665
40.763525 , -73.973989
40.702054 , -73.942036
40.82277 , -73.858959
40.733368 , -73.637584
40.747564 , -73.983442
40.680194 , -73.950294
40.725168 , -74.000137
40.840373 , -73.863896
40.862391 , -73.894927
40.773879 , -74.324358
40.649152 , -73.958688
40.754125 , -73.987706
40.603371 , -73.995604
40.867384 , -73.825043
40.80817 , -73.947295
40.719242 , -73.961871
40.781581 , -74.075489
40.822423 , -73.892103
40.839644 , -73.915567
40.689097 , -73.982066
40.730162 , -73.992398
40.735552 , -74.065409
40.644439 , -74.011337
40.906355 , -74.405566
40.719494 , -74.00589
40.757539 , -73.97607
40.760802 , -73.917711
40.863073 , -73.925979
40.758283 , -73.981261
40.853462 , -73.906701
40.72562 , -73.999731
40.72019 , -73.999816
40.727712 , -74.037842
40.669332 , -73.914857
40.772729 , -74.326402
40.699698 , -73.919585
40.680879 , -73.975887
40.481174 , -74.465523
40.719063 , -74.007226
40.651007 , -74.349491
40.824791 , -73.92057
40.706843 , -73.795927
40.667846 , -74.215935
40.817689 , -73.915043
40.866284 , -73.960416
40.637236 , -73.738002
40.666432 , -74.244835
41.031845 , -73.769834
40.862012 , -73.895302
41.060251 , -74.479083
41.146488 , -73.494351
40.90648 , -74.105419
40.661672 , -73.718542
40.727149 , -74.038361
40.750292 , -73.987189
40.786057 , -73.978715
40.722082 , -73.987992
40.720076 , -73.997571
40.738428 , -73.993048
40.744631 , -73.992619
40.719882 , -73.961214
40.730438 , -73.988905
40.745034 , -73.992338
40.722808 , -74.003175
40.727731 , -73.993623
40.738493 , -73.983648
40.547837 , -74.322944
40.743093 , -73.994164
40.730167 , -73.983184
40.723186 , -73.997008
40.73554 , -74.000745
40.739504 , -73.996359
40.723715 , -73.952537
40.725876 , -74.002041
40.728577 , -73.993757
40.763252 , -73.92176
40.722153 , -73.995406
40.723847 , -74.001173
40.733149 , -73.998138
40.763424 , -73.97561
40.720141 , -73.996441
40.765223 , -73.982386
40.718535 , -73.94777
40.715409 , -73.962976
40.678063 , -73.968438
40.72148 , -73.987477
40.726653 , -73.99453
40.721122 , -74.042957
40.720172 , -74.003594
40.731293 , -74.000582
40.679216 , -73.997602
40.73298 , -73.987989
40.717484 , -73.990315
40.638899 , -74.076119
40.738888 , -74.00094
40.707042 , -73.948745
40.722798 , -73.993989
40.727557 , -73.983008
40.718305 , -73.955335
40.726594 , -74.001443
40.7201 , -73.988036
40.728465 , -73.985648
40.725873 , -73.997233
40.938711 , -74.15158
40.744585 , -73.993284
40.688219 , -73.955073
40.736864 , -74.042653
40.737036 , -73.992398
40.73548 , -73.995084
40.716344 , -73.959104
40.735714 , -73.994195
40.778162 , -73.980104
40.664732 , -73.989793
40.726625 , -73.984434
40.732756 , -73.998378
40.719006 , -73.945469
40.72367 , -73.997997
40.777206 , -73.954891
40.727049 , -73.98626
40.720372 , -74.001331
40.679894 , -73.975256
40.736728 , -73.994777
40.718485 , -73.955175
40.624085 , -74.030503
40.763183 , -73.965796
40.741688 , -74.002592
40.724746 , -73.996428
40.728373 , -73.988158
40.684345 , -73.944299
40.73087 , -73.949598
40.776592 , -73.96179
40.759894 , -73.983828
40.964942 , -74.151512
40.713567 , -73.944038
40.732627 , -73.989272
40.723353 , -73.950369
40.74086 , -73.949564
40.682158 , -73.986386
40.70741 , -73.943956
40.743558 , -73.991124
41.032476 , -73.768447
40.685629 , -73.960512
40.76478 , -73.961553
40.729541 , -73.984876
40.738779 , -73.98655
40.72876 , -73.986578
40.728343 , -73.985555
40.716774 , -73.961747
40.721963 , -73.988095
40.749404 , -73.935716
40.779806 , -73.959944
40.722499 , -73.949952
40.753342 , -73.991809
40.738208 , -74.002211
40.72019 , -73.999816
40.706735 , -73.921157
40.679354 , -73.997544
40.72913 , -73.988465
40.727479 , -73.989021
40.717757 , -73.944673
40.727043 , -74.001642
40.717215 , -73.958049
40.714424 , -73.95347
40.719704 , -73.960085
40.728687 , -73.98568
40.705323 , -73.645423
40.721392 , -73.984426
40.630976 , -74.00016
40.622255 , -74.031315
40.675538 , -73.980757
40.776628 , -73.953142
40.746567 , -73.996054
41.073776 , -73.858935
40.722316 , -74.003281
40.768672 , -73.983492
40.722082 , -73.987992
40.717522 , -73.959962
40.718477 , -73.958346
40.749784 , -73.986909
40.719924 , -73.995941
40.733211 , -73.998209
40.815106 , -73.959057
40.758021 , -73.978581
40.747987 , -73.992486
40.811382 , -73.944799
40.738822 , -73.992982
40.726845 , -73.989438
40.721981 , -74.000519
40.711104 , -73.94796
40.720784 , -73.988678
40.71959 , -73.988272
40.71751 , -73.990708
40.777632 , -73.952729
40.720774 , -73.999419
40.750292 , -73.579297
40.807256 , -73.953332
40.719353 , -74.000526
40.776134 , -73.980171
40.713186 , -74.093908
40.765889 , -73.963798
40.720257 , -73.998364
40.744387 , -73.953758
40.76057 , -73.973987
40.704665 , -73.933893
40.670774 , -73.984558
40.720116 , -74.000899
40.728606 , -73.986179
40.724567 , -73.990516
40.719427 , -73.843209
40.900237 , -74.507019
40.677495 , -73.998012
40.688193 , -73.991233
40.698459 , -73.975055
40.752854 , -73.937146
40.720033 , -73.955218
40.722375 , -73.993698
40.632288 , -74.116986
40.71429 , -73.955367
40.660767 , -73.990182
40.716896 , -73.965753
40.688035 , -73.962834
40.760453 , -73.830315
40.753983 , -73.990948
40.727536 , -73.983649
40.718468 , -73.988829
40.719938 , -73.993605
40.720785 , -73.998074
40.680996 , -73.977514
40.757241 , -73.986605
40.6199 , -74.007602
40.694613 , -73.900185
40.688188 , -73.991213
40.766018 , -73.989745
40.944216 , -73.882808
40.723402 , -73.999359
40.723906 , -74.000114
40.691937 , -74.298558
40.68207 , -73.986424
40.706746 , -73.921237
40.722521 , -73.988112
40.741158 , -74.006428
40.714532 , -73.950727
40.739253 , -73.991567
40.740279 , -74.36196
40.718376 , -73.960565
40.717026 , -74.008312
40.677148 , -73.972749
40.690298 , -73.992255
40.719926 , -74.001634
40.769253 , -73.982564
40.743196 , -74.000323
40.683642 , -73.992328
40.80389 , -73.967311
40.759254 , -73.991618
40.809398 , -73.95008
40.779929 , -73.982054
40.73656 , -74.030241
40.739244 , -73.983527
40.738493 , -73.983648
40.738417 , -73.982635
40.739586 , -73.996577
40.738281 , -73.982238
40.724746 , -73.996428
40.779131 , -73.977811
40.723715 , -73.952537
40.732627 , -73.989272
40.720076 , -73.997571
40.776094 , -73.95623
40.678165 , -73.972885
40.779369 , -73.950382
40.705323 , -73.645423
40.776628 , -73.953142
40.732626 , -74.006898
40.740202 , -73.997175
40.775834 , -73.956445
40.777333 , -73.955278
40.694714 , -73.994586
40.715355 , -74.008477
40.734305 , -73.98495
40.729541 , -73.984876
40.938711 , -74.15158
40.664732 , -73.989793
40.738313 , -73.982448
40.72367 , -73.997997
40.737036 , -73.992398
40.762757 , -73.995359
40.720372 , -74.001331
40.728577 , -73.993757
40.900196 , -73.863806
40.680174 , -73.978115
40.724909 , -73.98783
40.736728 , -73.994777
40.704783 , -73.929162
40.691937 , -74.298558
40.718485 , -73.955175
40.727731 , -73.993623
40.637384 , -74.081232
40.733263 , -73.955001
40.727271 , -73.986096
40.719882 , -73.961214
40.718535 , -73.94777
40.715409 , -73.962976
40.73262 , -74.006803
40.763183 , -73.965796
40.732756 , -73.998378
40.677279 , -73.985343
40.684345 , -73.944299
40.733149 , -73.998138
40.730167 , -73.983184
40.688219 , -73.955073
40.730438 , -73.988905
40.74257 , -73.918186
40.772588 , -73.957936
40.727049 , -73.98626
40.730729 , -73.985829
40.776592 , -73.96179
40.735676 , -73.994238
40.74086 , -73.949564
40.745011 , -73.992303
40.767252 , -73.921736
40.71491 , -74.007554
40.764393 , -73.823151
40.726594 , -74.001443
40.772364 , -73.961183
40.722808 , -74.003175
40.762891 , -73.775816
40.800217 , -74.47525
40.774144 , -73.953166
40.727222 , -73.979419
40.743093 , -73.994164
40.756632 , -73.921186
40.744631 , -73.992619
40.73554 , -74.000745
40.717692 , -73.990703
40.723186 , -73.997008
40.726653 , -73.99453
40.728465 , -73.985648
40.778162 , -73.980104
40.723293 , -73.908335
40.738888 , -74.00094
40.692363 , -73.986604
40.8184 , -74.155836
40.725876 , -74.002041
40.716774 , -73.961747
40.721963 , -73.988095
40.722153 , -73.995406
40.72148 , -73.987477
40.740277 , -73.98703
40.720172 , -74.003594
40.718986 , -73.98536
40.726625 , -73.984434
40.725573 , -73.993064
40.779806 , -73.959944
40.722499 , -73.949952
40.718305 , -73.955335
40.727557 , -73.983008
40.753342 , -73.991809
40.748162 , -73.992367
40.706735 , -73.921157
40.7579 , -73.980689
40.800829 , -73.648475
40.7201 , -73.988036
40.679354 , -73.997544
40.708096 , -73.905197
40.661642 , -74.120494
40.723847 , -74.001173
40.727479 , -73.989021
40.738428 , -73.993048
40.727043 , -74.001642
40.717484 , -73.990315
40.776684 , -73.961626
40.714424 , -73.95347
40.641288 , -74.013964
40.719704 , -73.960085
40.679894 , -73.975256
40.721122 , -74.042957
40.728687 , -73.98568
40.717757 , -73.944673
40.763252 , -73.92176
40.860351 , -73.903054
40.722798 , -73.993989
40.742422 , -73.980862
40.731293 , -74.000582
40.688761 , -73.984072
40.726537 , -73.984408
40.71638 , -73.961769
40.779843 , -73.9599
40.622255 , -74.031315
40.775573 , -73.910228
40.675538 , -73.980757
40.68338 , -73.995218
40.721392 , -73.984426
40.75746 , -73.964022
40.720141 , -73.996441
40.801204 , -73.938181
40.679216 , -73.997602
40.746567 , -73.996054
40.678063 , -73.968438
40.72019 , -73.999816
40.722316 , -74.003281
40.708138 , -74.003956
40.72913 , -73.988465
40.722082 , -73.987992
40.728373 , -73.988158
40.770325 , -73.918548
40.704159 , -73.79756
40.749784 , -73.986909
40.747987 , -73.992486
40.733935 , -74.005894
40.685629 , -73.960512
40.723402 , -73.999359
40.720116 , -74.000899
40.638899 , -74.076119
40.716344 , -73.959104
40.72593 , -74.001964
40.79514 , -73.97182
40.745034 , -73.992338
40.73548 , -73.995084
40.74444 , -73.992195
40.735714 , -73.994195
40.757241 , -73.986605
40.743716 , -73.999337
40.723906 , -74.000114
40.690755 , -73.986375
40.76306 , -73.988945
40.758021 , -73.978581
40.738287 , -73.982372
40.688188 , -73.991213
40.686285 , -73.983936
40.722521 , -73.988112
40.741158 , -74.006428
40.674815 , -73.981921
40.780208 , -73.949664
40.739253 , -73.991567
40.737598 , -73.998335
40.681095 , -73.956838
40.740135 , -73.99695
40.718376 , -73.960565
40.732583 , -73.990412
40.732988 , -73.998591
40.738671 , -73.930448
40.717026 , -74.008312
40.812506 , -73.938096
40.794824 , -73.972748
40.659253 , -74.000161
40.677148 , -73.972749
40.783669 , -73.979058
40.732622 , -73.954875
40.690298 , -73.992255
40.744686 , -74.147488
40.70126 , -73.805546
40.719926 , -74.001634
40.769253 , -73.982564
40.743196 , -74.000323
40.683642 , -73.992328
40.80389 , -73.967311
40.759254 , -73.991618
40.720076 , -73.997571
40.723715 , -73.952537
40.729541 , -73.984876
40.739244 , -73.983527
40.743965 , -73.988088
40.735676 , -73.994238
40.715355 , -74.008477
40.71638 , -73.961769
40.694714 , -73.994586
40.738888 , -74.00094
40.779843 , -73.9599
40.678165 , -73.972885
40.68338 , -73.995218
40.622255 , -74.031315
40.72367 , -73.997997
40.737036 , -73.992398
40.738417 , -73.982635
40.688761 , -73.984072
40.720372 , -74.001331
40.728577 , -73.993757
40.740202 , -73.997175
40.736728 , -73.994777
40.680567 , -73.977448
40.727731 , -73.993623
40.738493 , -73.983648
40.738281 , -73.982238
40.722808 , -74.003175
40.637384 , -74.081232
40.719882 , -73.961214
40.763183 , -73.965796
40.677279 , -73.985343
40.733149 , -73.998138
40.730167 , -73.983184
40.762757 , -73.995359
40.732627 , -73.989272
40.739586 , -73.996577
40.730438 , -73.988905
40.779131 , -73.977811
40.776592 , -73.96179
40.778162 , -73.980104
40.74086 , -73.949564
40.745011 , -73.992303
40.644319 , -73.901732
40.71491 , -74.007554
40.726594 , -74.001443
40.774144 , -73.953166
40.727222 , -73.979419
40.79514 , -73.97182
40.743093 , -73.994164
40.733288 , -73.991616
40.744631 , -73.992619
40.7579 , -73.980689
40.727049 , -73.98626
40.718305 , -73.955335
40.73554 , -74.000745
40.738428 , -73.993048
40.717692 , -73.990703
40.723186 , -73.997008
40.726653 , -73.99453
40.728465 , -73.985648
40.763252 , -73.92176
40.713186 , -74.093908
40.725876 , -74.002041
40.716774 , -73.961747
40.721963 , -73.988095
40.722153 , -73.995406
40.72148 , -73.987477
40.775834 , -73.956445
40.720172 , -74.003594
40.718986 , -73.98536
40.726625 , -73.984434
40.779806 , -73.959944
40.680174 , -73.978115
40.722499 , -73.949952
40.727557 , -73.983008
40.753342 , -73.991809
40.725573 , -73.993064
40.706735 , -73.921157
40.7201 , -73.988036
40.679354 , -73.997544
40.723847 , -74.001173
40.727479 , -73.989021
40.718535 , -73.94777
40.715409 , -73.962976
40.727043 , -74.001642
40.717484 , -73.990315
40.732626 , -74.006898
40.714424 , -73.95347
40.719704 , -73.960085
40.679894 , -73.975256
40.721122 , -74.042957
40.748162 , -73.992367
40.728687 , -73.98568
40.717757 , -73.944673
40.722798 , -73.993989
40.731293 , -74.000582
40.726537 , -73.984408
40.705323 , -73.645423
40.776094 , -73.95623
40.675538 , -73.980757
40.928707 , -73.752473
40.721392 , -73.984426
40.776628 , -73.953142
40.720141 , -73.996441
40.679216 , -73.997602
40.746567 , -73.996054
40.678063 , -73.968438
40.74444 , -73.992195
40.72019 , -73.999816
40.722316 , -74.003281
40.708138 , -74.003956
40.72913 , -73.988465
40.722082 , -73.987992
40.728373 , -73.988158
40.732053 , -74.066983
40.72876 , -73.986578
40.707042 , -73.948745
40.718477 , -73.958346
40.749784 , -73.986909
40.673832 , -73.994949
40.717215 , -73.958049
40.772588 , -73.957936
40.718485 , -73.955175
40.860351 , -73.903054
40.73298 , -73.987989
40.763424 , -73.97561
40.719924 , -73.995941
40.774728 , -74.032061
40.815106 , -73.959057
40.730729 , -73.985829
40.747987 , -73.992486
40.763064 , -73.967326
40.654746 , -74.305592
40.777333 , -73.955278
40.723293 , -73.908335
40.725873 , -73.997233
40.709015 , -73.483274
40.688219 , -73.955073
40.724909 , -73.98783
40.764104 , -73.966538
40.717522 , -73.959962
40.624085 , -74.030503
40.736864 , -74.042653
40.743716 , -73.999337
40.685629 , -73.960512
40.723402 , -73.999359
40.720116 , -74.000899
40.745034 , -73.992338
40.716344 , -73.959104
40.73548 , -73.995084
40.735714 , -73.994195
40.779369 , -73.950382
40.674815 , -73.981921
40.757241 , -73.986605
40.638899 , -74.076119
40.733935 , -74.005894
40.774143 , -73.953258
40.687595 , -74.317667
40.723906 , -74.000114
40.775265 , -73.955159
40.686285 , -73.983936
40.758021 , -73.978581
40.688188 , -73.991213
40.738287 , -73.982372
40.73218 , -74.042438
40.724746 , -73.996428
40.722521 , -73.988112
40.76306 , -73.988945
40.741158 , -74.006428
40.737598 , -73.998335
40.812506 , -73.938096
40.739253 , -73.991567
40.732583 , -73.990412
40.780208 , -73.949664
40.740135 , -73.99695
40.718376 , -73.960565
40.681095 , -73.956838
40.756632 , -73.921186
40.717026 , -74.008312
40.732988 , -73.998591
40.794824 , -73.972748
40.677148 , -73.972749
40.783669 , -73.979058
40.732622 , -73.954875
40.690298 , -73.992255
40.744686 , -74.147488
40.70126 , -73.805546
40.719926 , -74.001634
40.746716 , -73.902582
40.848365 , -73.931939
40.769253 , -73.982564
40.738286 , -73.998279
40.743196 , -74.000323
40.852794 , -74.139894
40.683642 , -73.992328
40.592733 , -73.940786
40.80389 , -73.967311
40.759254 , -73.991618
40.809398 , -73.95008
40.779929 , -73.982054
40.727669 , -73.987693
40.686733 , -73.990134
40.689483 , -73.973348
40.740781 , -73.99332
40.775873 , -74.019661
40.718163 , -73.989952
40.740143 , -73.992385
40.619205 , -74.032925
40.539126 , -74.242832
40.843812 , -73.856723
40.704783 , -73.644621
40.646686 , -73.974061
40.656073 , -74.303689
40.315376 , -74.248404
40.853776 , -73.40444
40.622728 , -74.03175
41.048978 , -73.531928
40.625128 , -73.963031
40.635202 , -73.963732
40.65234 , -73.928245
40.52703 , -74.542784
40.637916 , -73.660236
40.646686 , -73.974061
40.652687 , -74.330765
40.87208 , -73.428618
40.891614 , -74.478584
40.660686 , -73.980444
41.148494 , -73.492184
40.911699 , -73.781668
40.762644 , -73.97766
40.718563 , -74.005532
40.348132 , -74.435964
40.692412 , -73.985235
40.915572 , -73.77099
40.705743 , -73.93336
40.553343 , -74.41735
40.757789 , -74.037452
40.607356 , -73.648457
40.716062 , -74.010189
40.736386 , -74.006087
40.842099 , -74.280182
40.458762 , -74.438815
40.755493 , -73.58219
40.439043 , -74.144589
40.862552 , -74.344084
40.62873 , -74.035004
40.829406 , -73.894909
40.751523 , -73.985941
41.032159 , -73.768776
40.831237 , -73.683616
41.063408 , -74.079828
40.351336 , -74.064285
40.339086 , -74.040316
40.754233 , -74.030639
40.751258 , -74.033768
40.7512 , -74.034138
40.754173 , -74.031651
40.75121 , -74.035193
40.684273 , -74.314258
40.663759 , -73.514232
40.679422 , -74.449387
40.89651 , -74.519477
40.723969 , -73.95069
40.743135 , -73.99161
40.741048 , -73.984867
40.734294 , -74.001165
40.740864 , -73.992536
40.737495 , -74.03981
40.750566 , -73.950496
40.741107 , -73.932284
40.746796 , -73.941401
40.753168 , -73.992889
40.75441 , -73.98847
40.689543 , -73.942498
40.707536 , -73.87487
40.438409 , -74.14645
40.799863 , -73.946383
40.843138 , -73.53298
40.587975 , -74.42414
40.861916 , -73.987601
40.797153 , -74.212589
40.741573 , -74.171039
40.713162 , -74.189861
40.768277 , -73.466193
40.635019 , -74.16546
40.880372 , -73.911308
40.876496 , -74.065644
40.878087 , -74.48055
40.812808 , -74.216317
40.831715 , -74.210372
40.910521 , -73.825377
40.800657 , -73.728465
40.73472 , -73.672804
40.299162 , -74.00569
40.726675 , -73.634604
40.938852 , -74.164421
40.881402 , -74.274133
40.567844 , -74.549855
41.037316 , -73.782085
41.020056 , -73.777985
40.563872 , -74.418059
41.099071 , -73.806676
40.296944 , -74.33
40.853775 , -73.425249
40.736629 , -73.991795
41.120072 , -73.387034
40.679027 , -74.285786
40.767758 , -73.96861
40.763129 , -73.958712
40.728303 , -73.985547
41.067799 , -73.443716
40.694963 , -73.954915
40.655935 , -74.305129
40.759023 , -73.979843
40.77605 , -73.962754
40.705768 , -74.008789
40.612709 , -73.938601
40.724416 , -74.309072
41.051844 , -73.534379
40.765478 , -73.976142
40.764579 , -73.974303
40.588186 , -73.674589
40.740388 , -74.363562
40.825774 , -74.514365
40.728766 , -74.00556
40.74526 , -73.988109
40.726523 , -73.992501
40.765882 , -73.957063
40.737057 , -73.990752
40.750799 , -73.986792
40.736992 , -73.979304
40.746718 , -73.983228
40.750472 , -73.990727
40.74685 , -73.983501
40.82772 , -73.43723
41.121347 , -74.246747
41.029147 , -73.626231
41.098566 , -73.418554
41.052192 , -73.534843
40.732422 , -73.684834
40.349669 , -74.06594
40.697903 , -73.741016
40.764015 , -73.98675
40.738153 , -73.989673
40.417774 , -74.178524
40.772806 , -73.9156
40.348184 , -74.309438
40.875199 , -74.299302
40.645541 , -74.023816
40.85963 , -73.397608
40.710798 , -73.933836
40.652627 , -74.172542
40.499272 , -74.426927
40.707116 , -73.781016
40.738916 , -73.989607
40.730513 , -73.922697
40.719069 , -73.990791
40.722775 , -74.007266
40.753505 , -73.976481
40.725339 , -73.997282
40.775695 , -73.915804
40.874728 , -74.048536
40.780441 , -73.911998
40.78039 , -73.912062
40.759897 , -73.9279
40.74364 , -73.631735
40.759205 , -73.967919
40.725359 , -74.001968
40.738847 , -73.989534
40.73476 , -73.955268
40.754122 , -73.976179
40.719723 , -73.998856
40.791676 , -74.028578
40.758458 , -73.984096
40.796983 , -73.698055
40.722569 , -74.00049
40.737975 , -73.88013
40.745015 , -73.987531
40.744024 , -73.975778
40.843495 , -73.941142
41.024737 , -74.24213
40.744617 , -73.987655
40.85113 , -73.899311
41.112375 , -74.044983
40.717763 , -74.360681
40.792283 , -73.416112
41.103459 , -73.407044
40.692902 , -73.968141
40.737815 , -73.99339
40.790828 , -73.974278
40.63743 , -74.017928
40.700292 , -73.972106
40.751658 , -74.006728
40.776906 , -73.980064
40.805887 , -74.192206
40.712665 , -73.878612
40.822757 , -73.884175
40.717731 , -73.951701
40.834163 , -73.884551
40.644458 , -74.099456
40.716102 , -73.929705
40.706743 , -74.010092
40.731639 , -74.008231
40.728751 , -73.992191
40.417866 , -74.212366
40.693125 , -73.972138
40.786774 , -74.077202
40.562073 , -74.531055
40.746064 , -74.429604
41.013176 , -73.658502
40.967945 , -74.073443
40.74399 , -74.032362
40.744654 , -73.987657
40.695489 , -73.937097
40.977322 , -73.806146
40.776471 , -73.989122
40.672213 , -73.938921
41.110511 , -74.066038
40.816831 , -74.21458
40.614381 , -73.994806
40.317244 , -74.062242
40.73372 , -74.13318
40.634719 , -73.639079
40.605393 , -74.067053
41.096148 , -73.516962
40.853168 , -74.230189
40.911 , -73.808315
40.632909 , -74.255862
40.890811 , -74.199067
40.787602 , -73.648339
40.691426 , -73.44738
40.536595 , -74.412626
40.364722 , -74.472506
40.75585 , -73.991784
40.752496 , -73.988707
40.754596 , -73.99198
40.721864 , -74.175664
40.708167 , -74.010345
40.75211 , -73.990711
40.759021 , -73.556388
40.749831 , -73.979752
40.587839 , -73.946592
40.667692 , -73.982684
41.002652 , -73.666344
40.72599 , -74.00258
40.818297 , -74.544754
40.72866 , -73.992156
40.694504 , -73.956555
40.737413 , -73.995249
40.715719 , -73.991461
40.930832 , -74.044864
41.008953 , -73.928906
41.029147 , -73.626231
41.055243 , -73.533579
41.040864 , -73.550424
40.764015 , -73.98675
40.718633 , -73.913055
40.431107 , -74.203715
40.906729 , -74.162439
40.747363 , -73.99287
40.722207 , -73.998226
40.860178 , -73.641876
40.671579 , -73.993472
40.908569 , -73.799907
40.758368 , -73.983323
40.969482 , -74.271771
40.736307 , -74.030001
41.056689 , -73.817078
40.990523 , -73.807223
40.685909 , -73.981685
41.085617 , -73.420746
40.750369 , -73.973953
40.72505 , -74.003298
40.709568 , -74.00933
40.703094 , -73.989213
40.761266 , -73.965401
40.778644 , -73.960637
40.728549 , -73.863532
40.639519 , -73.926417
40.721995 , -74.039986
40.727395 , -74.006048
40.950568 , -73.817566
40.744535 , -74.034389
40.611781 , -74.157707
40.778827 , -74.132459
40.68417 , -74.549664
41.003752 , -73.65934
40.581632 , -74.493334
40.625297 , -74.439713
40.972133 , -74.191548
40.899647 , -74.056926
40.778859 , -73.73213
40.891209 , -74.519289
40.875983 , -73.911871
40.601937 , -74.269777
40.666995 , -73.705283
40.413735 , -74.037602
40.740589 , -73.631439
40.847997 , -74.290728
40.96245 , -74.242688
40.84092 , -74.205829
41.093168 , -73.453973
41.093168 , -73.453973
40.810962 , -73.501953
40.910589 , -73.782578
41.000205 , -74.341475
40.779028 , -73.977125
40.352792 , -74.306822
41.079084 , -74.053638
40.781561 , -73.447064
40.969014 , -74.296196
40.764469 , -73.974488
40.737837 , -73.993359
40.75879 , -73.984437
40.722669 , -74.004841
40.756525 , -73.921857
40.751939 , -73.971778
40.749071 , -73.986683
40.830142 , -73.920137
40.741463 , -73.994263
40.743329 , -73.989325
40.725906 , -73.996144
40.582398 , -74.166055
40.916622 , -74.076391
40.890402 , -74.260644
40.734276 , -73.870661
40.917713 , -74.07594
40.888264 , -74.259251
40.737626 , -73.988731
40.662202 , -73.720392
41.031687 , -73.769918
40.77316 , -73.532187
40.806142 , -73.882469
40.659531 , -74.17102
40.637237 , -74.031459
40.660944 , -74.173266
40.917414 , -74.076271
40.965776 , -73.856402
40.777792 , -73.732221
40.736548 , -73.918766
41.000885 , -73.658141
40.556265 , -74.298725
40.754511 , -73.99427
41.097147 , -73.956837
40.423569 , -74.382358
41.02174 , -74.20636
40.726869 , -74.038443
40.610223 , -73.92227
40.671718 , -73.980661
40.7157 , -74.131614
40.774932 , -73.983273
40.803558 , -73.955222
40.726862 , -73.787822
40.889301 , -74.023286
40.806142 , -73.882469
41.052724 , -73.537381
40.738812 , -73.613572
40.615677 , -74.097422
40.886731 , -74.02254
40.891143 , -74.014349
41.029992 , -74.053418
40.554749 , -74.301099
40.888736 , -74.259285
40.773518 , -73.528781
40.756789 , -73.403113
41.0633 , -74.128899
41.097045 , -73.956584
40.728199 , -73.452368
40.736142 , -73.989084
40.731086 , -73.993271
40.777829 , -73.98255
40.713865 , -73.998842
40.771423 , -73.959026
40.720512 , -73.996455
40.774633 , -73.958727
40.74233 , -73.980301
40.722246 , -73.997437
40.714957 , -73.998212
40.731217 , -74.000469
40.731322 , -74.000493
40.70687 , -73.922878
40.794286 , -73.951292
40.709901 , -73.898823
40.67962 , -73.963846
40.717903 , -73.990724
40.777026 , -73.957202
40.727965 , -73.811379
40.88961 , -74.022536
40.746673 , -73.98475
40.742406 , -73.992432
40.793047 , -73.971296
40.720714 , -73.994805
40.746219 , -73.978084
40.720317 , -73.988742
40.74551 , -74.002331
40.778284 , -73.981256
40.730727 , -73.98563
40.726323 , -73.985701
40.670217 , -73.979043
40.727154 , -74.003118
40.673831 , -73.962814
40.730186 , -74.004496
40.742959 , -73.982757
40.741437 , -73.983077
40.729172 , -73.998738
40.742305 , -73.982968
40.735654 , -74.066675
40.747608 , -73.981398
40.760936 , -73.930206
40.666114 , -73.981959
40.697554 , -73.931493
40.716209 , -73.99801
40.752551 , -73.984928
40.753492 , -73.973917
40.709529 , -74.012702
40.694577 , -73.99425
40.732248 , -74.003385
40.728398 , -73.988077
40.758096 , -73.989391
40.742446 , -73.982862
40.758554 , -73.513228
40.71726 , -73.962311
40.459846 , -74.507958
40.715367 , -73.998123
40.740961 , -74.03015
40.711924 , -73.996794
40.722041 , -73.996089
40.672868 , -73.962617
40.78361 , -73.977728
40.700946 , -73.909131
40.679104 , -73.981528
40.761953 , -73.993503
40.735994 , -73.987047
40.732771 , -73.99728
40.717524 , -73.957916
40.800712 , -73.965273
40.678837 , -73.973333
40.679733 , -73.963957
40.740434 , -73.987678
40.66874 , -73.990391
40.727372 , -73.985781
40.765671 , -73.982831
40.79054 , -73.975135
40.707542 , -73.939597
40.71525 , -74.009664
40.694274 , -73.992694
40.723451 , -73.985206
40.730446 , -73.984023
40.711219 , -73.950649
40.744365 , -73.981394
40.716531 , -74.037688
40.785283 , -73.977025
40.687906 , -73.989844
40.793702 , -73.972103
40.60105 , -74.001289
40.729616 , -73.99949
40.728416 , -73.98331
40.763492 , -73.992324
40.73505 , -74.052938
40.76858 , -73.98861
40.766036 , -73.983645
40.739954 , -73.923821
40.727952 , -74.001033
40.786201 , -73.976484
40.687624 , -73.977193
40.783504 , -73.977734
40.780177 , -73.980879
40.691562 , -73.909283
40.71647 , -73.987624
40.735615 , -74.000295
40.794287 , -73.939991
40.675348 , -73.978182
40.575979 , -74.168232
40.75375 , -73.985972
40.729918 , -74.000267
40.753245 , -73.974027
40.731098 , -74.006959
40.750574 , -73.9854
40.710406 , -73.865718
40.762262 , -73.829032
40.741438 , -74.029996
40.70512 , -73.933463
40.73292 , -73.985884
40.725537 , -73.992916
40.685305 , -73.980102
40.677983 , -73.972699
40.80021 , -73.965626
40.676139 , -73.971371
40.755889 , -73.971564
40.726563 , -73.986835
40.757733 , -73.988485
40.73492 , -74.061409
40.712803 , -73.80118
40.730417 , -73.953746
40.762532 , -73.926197
40.728638 , -73.994988
40.793473 , -74.25665
40.761514 , -73.831952
40.793916 , -74.172325
41.113511 , -74.044333
40.762706 , -73.977069
40.760422 , -73.990874
40.769149 , -73.952414
40.714128 , -73.998917
40.768715 , -73.954965
40.74534 , -73.977554
40.785104 , -73.972662
40.763953 , -73.975883
40.889228 , -74.023062
40.759294 , -73.968861
40.715858 , -74.007444
40.898568 , -74.112346
40.769461 , -73.982583
40.742434 , -73.983559
40.741017 , -73.992946
40.72355 , -73.988791
40.759344 , -73.970054
40.689618 , -73.969798
40.754998 , -73.970295
40.715854 , -74.034415
40.74476 , -73.997797
40.770682 , -73.90838
40.766299 , -73.965714
40.686637 , -73.974793
40.703049 , -73.933399
40.772628 , -73.952151
40.737067 , -73.998644
40.730407 , -73.953419
40.723236 , -73.987922
40.683876 , -73.999813
40.775573 , -73.983563
40.678078 , -73.979516
40.680407 , -73.975081
40.723749 , -73.988457
40.991968 , -74.032686
40.706564 , -74.012921
40.63426 , -74.085712
40.748456 , -74.027872
40.719152 , -73.952806
40.610948 , -73.962798
40.739195 , -73.995924
40.728793 , -73.980106
40.681893 , -73.976393
40.752374 , -73.969993
40.75574 , -73.980608
40.77705 , -73.957169
40.719973 , -73.983035
40.741877 , -74.253902
40.717027 , -73.996968
40.712359 , -73.896157
40.748979 , -73.892956
40.724752 , -73.993128
40.760137 , -73.969912
40.730123 , -74.003602
40.753523 , -73.973521
40.726752 , -73.987318
40.70665 , -74.007148
40.745525 , -73.979319
40.732315 , -74.001492
40.853808 , -74.07251
40.739063 , -74.002432
40.785334 , -73.972657
40.75602 , -73.979849
40.734635 , -73.992906
40.777881 , -73.9793
40.651428 , -74.347909
40.754771 , -73.98821
40.724076 , -73.997144
40.769584 , -73.954978
40.74551 , -74.002331
40.771423 , -73.959026
40.720512 , -73.996455
40.729616 , -73.99949
40.772628 , -73.952151
40.726323 , -73.985701
40.785283 , -73.977025
40.742406 , -73.992432
40.774633 , -73.958727
40.680948 , -73.976061
40.677983 , -73.972699
40.727952 , -74.001033
40.720317 , -73.988742
40.678078 , -73.979516
40.731217 , -74.000469
40.916227 , -73.785332
40.88961 , -74.022536
40.735994 , -73.987047
40.72651 , -73.989526
40.70844 , -73.9409
40.785334 , -73.972657
40.775573 , -73.983563
40.766036 , -73.983645
40.727154 , -74.003118
40.77705 , -73.957169
40.717524 , -73.957916
40.729172 , -73.998738
40.687906 , -73.989844
40.491752 , -74.444992
40.73292 , -73.985884
40.687576 , -73.959446
40.734899 , -73.999361
40.728416 , -73.98331
40.727372 , -73.985781
40.825231 , -74.109082
40.753492 , -73.973917
40.725942 , -73.941796
40.729606 , -73.958576
40.685305 , -73.980102
40.730446 , -73.984023
40.760422 , -73.990874
40.352608 , -74.064705
40.766442 , -73.979708
40.72355 , -73.988791
40.871464 , -73.425954
40.750574 , -73.9854
40.746219 , -73.978084
40.70512 , -73.933463
40.730086 , -73.986118
40.731566 , -73.459233
40.769149 , -73.952414
40.759294 , -73.968861
40.712357 , -73.956819
40.730407 , -73.953419
40.681893 , -73.976393
40.588209 , -73.667306
40.758096 , -73.989391
40.714353 , -74.005973
40.737378 , -73.990644
40.709901 , -73.898823
40.675534 , -73.951663
40.749863 , -73.977715
40.712059 , -73.962536
40.723749 , -73.988457
40.741877 , -74.253902
40.787807 , -73.953948
40.77482 , -73.913189
40.800663 , -73.95274
40.774867 , -73.913294
40.734354 , -73.991225
40.726684 , -73.8517
40.709689 , -74.006877
40.732763 , -74.003079
40.730123 , -74.003602
40.656532 , -73.648485
40.634166 , -73.947985
40.73465 , -74.006317
41.091384 , -73.921945
40.714695 , -73.961328
40.637965 , -73.640252
41.113511 , -74.044333
40.733308 , -73.992789
40.771242 , -73.961377
40.860697 , -73.927798
40.798088 , -74.218813
40.79054 , -73.975135
40.70665 , -74.007148
41.097449 , -73.956588
40.876295 , -74.381414
40.350602 , -74.065071
40.76079 , -73.515003
40.745102 , -73.997559
41.140311 , -73.991212
40.72374 , -74.004116
41.091022 , -73.920477
40.718905 , -73.956867
40.704862 , -73.927807
40.724076 , -73.997144
40.753523 , -73.973521
40.734635 , -73.992906
40.406518 , -74.234266
40.723361 , -73.994493
40.745525 , -73.979319
40.762333 , -73.987293
41.099459 , -73.416304
40.881455 , -73.39681
41.14755 , -73.425764
40.708549 , -73.94319
40.714269 , -73.944088
40.757449 , -73.64267
40.717686 , -73.95195
40.744947 , -73.990401
40.716394 , -73.9993
40.669565 , -73.95802
40.74246 , -74.006348
40.756521 , -73.830684
41.091513 , -73.920197
40.878626 , -73.844371
40.622103 , -73.936075
40.716969 , -73.96571
40.718925 , -73.985916
40.720727 , -73.961358
40.711905 , -73.957169
40.715176 , -74.007513
40.712535 , -73.941209
40.748152 , -73.993049
40.676105 , -73.974508
40.69922 , -73.912949
40.765166 , -73.918153
40.735594 , -74.066146
40.730249 , -73.863821
40.362999 , -73.974401
40.850538 , -73.964884
40.771771 , -73.496591
40.759614 , -73.99207
40.351977 , -74.065215
40.710345 , -73.964671
40.706832 , -73.921627
40.812741 , -74.215752
40.814096 , -74.219366
40.726752 , -73.987318
40.764482 , -73.966194
40.72971 , -73.986371
40.868154 , -73.425676
40.696376 , -74.270292
40.798178 , -73.463859
40.726518 , -73.989545
40.622114 , -73.936055
40.777466 , -73.955183
40.763683 , -73.965328
40.763284 , -73.977508
40.70687 , -73.922878
40.737451 , -74.001964
40.725805 , -74.001323
40.784746 , -73.97692
40.785356 , -73.972721
40.718716 , -73.957979
40.785373 , -73.972716
40.783844 , -73.973608
40.784845 , -73.956141
40.726241 , -73.984337
40.547837 , -74.322944
40.711681 , -73.995868
40.75199 , -73.99029
40.728226 , -73.993305
40.732681 , -74.002146
40.746462 , -73.99594
40.738822 , -73.992982
40.728841 , -73.999185
40.727897 , -73.957528
40.733028 , -73.998562
40.727187 , -73.990404
40.754195 , -73.97983
40.703038 , -73.987445
40.730201 , -74.00333
40.733288 , -73.991616
40.663783 , -73.995532
40.718333 , -73.992639
40.690798 , -73.99204
40.659918 , -74.106726
40.73424 , -73.99052
40.795354 , -73.931178
40.725172 , -73.991908
40.732441 , -74.002079
40.779328 , -73.982698
40.754048 , -73.985013
40.73337 , -73.863642
40.729776 , -73.982626
40.743539 , -73.994908
40.713934 , -73.950967
40.726225 , -74.00725
40.737084 , -73.996744
40.645483 , -73.914058
40.786035 , -73.950582
40.716587 , -73.959268
40.652351 , -74.010734
40.625232 , -74.136278
40.819184 , -73.901548
40.718228 , -74.356814
40.75716 , -73.971642
40.712986 , -74.008343
40.727115 , -73.989054
40.722826 , -74.050862
40.677311 , -73.998133
40.753953 , -73.99046
40.751345 , -73.97982
40.764272 , -73.981953
40.755464 , -73.993915
40.68345 , -73.97417
40.684447 , -73.977256
40.729462 , -74.000186
40.739466 , -74.030148
40.792906 , -74.042543
40.774081 , -73.98307
40.679354 , -73.997544
40.7601 , -73.991112
40.72943 , -74.001444
40.765955 , -73.98239
40.733098 , -74.003927
40.7201 , -73.959555
40.755502 , -73.98676
40.775973 , -73.929104
40.77465 , -73.956728
40.777256 , -73.949395
40.992049 , -74.031053
40.63037 , -73.740239
40.694167 , -74.28767
40.727798 , -73.994239
40.733263 , -73.955001
40.761768 , -73.966184
40.798642 , -73.941211
40.738142 , -73.99038
40.753846 , -73.980945
40.790826 , -73.974949
40.85609 , -73.867328
40.745514 , -73.975916
40.848674 , -73.854347
41.107253 , -74.025274
40.703992 , -73.929864
40.762709 , -73.83147
40.760055 , -73.991192
40.731324 , -74.045617
40.784668 , -73.979029
40.75308 , -73.993126
40.671178 , -73.420729
40.724288 , -73.953385
40.746602 , -73.915865
40.419891 , -74.170711
40.701914 , -73.814381
40.719006 , -73.945469
40.619176 , -74.033088
40.757341 , -73.976586
40.727349 , -73.985206
40.664135 , -73.983638
40.731913 , -73.983181
40.759866 , -73.991281
40.72581 , -73.984432
40.718832 , -73.956119
40.753663 , -73.941553
40.731879 , -74.038238
40.813161 , -74.016188
40.751299 , -73.981298
40.742265 , -73.872475
40.677233 , -73.965616
40.773743 , -73.955566
40.75319 , -73.967088
40.711662 , -73.945214
40.694964 , -73.967224
40.747569 , -73.991531
40.759986 , -73.991186
40.7693 , -73.952288
40.635098 , -73.99167
40.61526 , -73.993776
40.935148 , -74.029945
40.724051 , -73.994658
40.669268 , -73.985988
40.703918 , -73.942182
40.737574 , -73.997779
40.735709 , -73.874469
40.877205 , -74.025279
40.738759 , -73.99192
40.906921 , -74.568627
40.661206 , -73.950957
40.740901 , -73.99177
40.742301 , -73.984432
40.665354 , -73.930902
40.75099 , -73.991909
40.74947 , -73.640837
40.760168 , -73.991122
40.724837 , -73.987671
40.650833 , -73.951337
40.680255 , -73.943734
40.92523 , -74.100881
40.798737 , -74.101753
40.685145 , -73.830725
40.724275 , -73.951306
40.75134 , -73.97875
40.650953 , -73.950222
40.718988 , -73.996891
40.680662 , -73.950461
40.74755 , -74.137313
40.72898 , -73.988893
40.70219 , -74.012169
40.770078 , -73.981592
40.703689 , -73.942051
40.707605 , -73.789102
40.652872 , -73.870188
40.814944 , -74.219771
40.894309 , -73.818364
40.89219 , -74.093885
40.753293 , -73.912548
40.631438 , -73.946636
40.795276 , -73.675187
40.687118 , -74.299872
40.779866 , -73.955768
40.989903 , -74.330176
40.823923 , -73.929945
40.695901 , -73.578063
40.736705 , -73.611703
40.757311 , -73.835388
40.451357 , -74.295589
40.757528 , -73.835691
40.809704 , -74.457275
40.873461 , -73.907873
40.887462 , -74.212963
40.531938 , -74.376418
40.824539 , -74.1355
40.609816 , -73.921596
40.461925 , -74.46633
40.783824 , -73.833339
40.576995 , -74.16744
40.992693 , -74.311941
40.66454 , -73.720716
40.902081 , -73.819534
40.554659 , -74.441209
40.626246 , -73.738901
40.741553 , -73.600794
40.61891 , -74.243597
40.914764 , -74.075323
40.528668 , -74.232632
40.691302 , -74.296112
40.900571 , -73.818414
40.655811 , -73.61267
40.727426 , -73.501141
40.889585 , -74.272373
40.802734 , -74.360434
41.104651 , -74.02303
40.455897 , -74.394566
40.639344 , -74.421916
41.098052 , -73.957894
40.412049 , -74.134938
40.441895 , -74.426131
40.825514 , -73.411449
40.562769 , -74.552712
40.410389 , -74.143654
40.90569 , -74.55957
40.288504 , -74.297317
41.098065 , -73.959418
40.687603 , -73.40603
40.668739 , -74.374698
40.737084 , -73.996744
40.729899 , -73.986435
40.761768 , -73.966184
40.726023 , -73.996068
40.689973 , -73.994044
40.77927 , -73.982402
40.732621 , -74.000038
40.754195 , -73.97983
40.778142 , -73.954023
40.79709 , -73.970412
40.814944 , -74.219771
40.916773 , -74.077502
40.795276 , -73.675187
40.736705 , -73.611703
40.351985 , -74.065729
41.032178 , -73.760953
40.547132 , -74.335951
40.651416 , -74.348345
40.710068 , -74.009354
40.751163 , -73.988058
40.822247 , -73.410226
40.548087 , -74.334319
40.751189 , -73.9879
40.658753 , -73.939458
40.68712 , -73.96728
40.726541 , -73.999922
40.721177 , -73.997651
40.72045 , -74.000769
40.705395 , -74.012786
40.713233 , -73.951274
40.750681 , -73.976938
40.749287 , -73.989544
40.752926 , -73.988848
40.722079 , -73.999967
40.714579 , -74.003666
40.79887 , -74.100166
40.754576 , -73.990884
40.895886 , -74.03439
40.341729 , -74.067134
40.895933 , -74.034306
40.89602 , -74.034758
40.720084 , -73.998815
40.782494 , -73.440354
40.866206 , -73.430209
40.677428 , -74.299869
40.734204 , -73.869763
40.764469 , -73.974488
40.725933 , -73.991509
40.754204 , -73.973614
40.712005 , -73.935477
40.722934 , -73.955983
40.673265 , -73.98969
40.683546 , -73.981511
40.673265 , -73.98969
40.73828 , -74.009424
40.822296 , -74.08803
40.746757 , -73.992822
40.822419 , -74.087803
40.726 , -74.001067
40.752423 , -73.989383
40.751687 , -73.98854
40.723428 , -74.002302
40.719511 , -74.001044
40.737036 , -73.992398
40.723402 , -73.999359
40.771891 , -73.958613
40.771125 , -73.640627
40.713271 , -74.011865
40.687829 , -73.98954
40.673305 , -73.975929
40.665693 , -74.21943
40.694503 , -73.956555
40.698465 , -73.977677
40.733174 , -73.992732
40.75386 , -73.981257
40.350802 , -74.065691
40.751001 , -73.975386
40.65677 , -74.308602
40.51867 , -74.398384
40.616811 , -74.172124
40.86483 , -74.282153
40.91729 , -74.167703
40.748211 , -73.993017
41.022215 , -73.758908
40.685942 , -73.975637
40.673115 , -73.972281
40.665855 , -74.219473
40.707188 , -74.401544
40.364637 , -74.034831
40.671721 , -74.221308
40.720932 , -74.366945
40.541131 , -74.177062
40.772149 , -73.640247
40.352427 , -74.072227
40.764993 , -73.532906
40.749326 , -73.983543
40.713176 , -74.008662
40.754511 , -73.99427
40.687141 , -73.999103
40.728668 , -74.012157
40.722798 , -73.993989
40.720774 , -73.999419
40.778015 , -73.945257
40.752682 , -73.975813
40.738141 , -73.99038
40.72392 , -73.996554
40.720429 , -74.001546
40.725394 , -73.997279
40.726864 , -74.037651
41.031463 , -73.759439
40.710818 , -73.964062
40.710787 , -73.964104
40.720922 , -73.988936
40.717222 , -73.962563
40.753125 , -73.984574
41.052192 , -73.534843
40.722213 , -73.994449
40.662437 , -73.737377
40.680837 , -73.916915
41.067087 , -74.376364
40.754715 , -73.971086
40.753505 , -73.976481
40.825774 , -74.417388
40.941662 , -74.111929
40.501556 , -74.422329
41.16485 , -74.178707
41.046362 , -74.485685
40.754258 , -73.987472
40.746353 , -73.98
40.758895 , -73.985131
40.724623 , -74.00233
40.755214 , -73.990405
40.492915 , -74.292297
40.720949 , -73.999242
40.753088 , -73.986903
40.754511 , -73.99427
40.850192 , -73.936589
40.721011 , -73.988862
40.34822 , -74.065017
40.725282 , -74.005524
40.750419 , -73.984995
40.417347 , -74.160119
40.427514 , -74.563801
40.745778 , -73.988285
40.767588 , -73.983148
40.786225 , -73.97653
40.883021 , -74.247267
40.926087 , -74.09315
40.926067 , -74.092979
40.926084 , -74.092975
40.754281 , -73.987665
40.717773 , -73.988796
40.717783 , -73.988824
40.764141 , -73.974356
40.732523 , -74.003958
40.759344 , -73.970054
40.785112 , -73.976612
40.744022 , -73.999175
40.734899 , -73.999361
40.730318 , -73.989592
40.639519 , -73.926417
40.737154 , -73.997305
40.771242 , -73.961377
40.787735 , -73.727548
40.7257 , -73.988714
40.774867 , -73.913294
40.728457 , -73.983396
40.771423 , -73.959026
40.742406 , -73.992432
40.727154 , -74.003118
40.801574 , -73.957758
40.728379 , -73.998133
40.722246 , -73.997437
40.738024 , -74.003422
40.715521 , -74.016286
40.774633 , -73.958727
40.727372 , -73.985781
40.741982 , -74.005047
40.719182 , -73.958679
40.69696 , -73.933956
40.739786 , -73.985886
40.721482 , -74.001535
40.693483 , -73.991377
40.726323 , -73.985701
40.724752 , -73.993128
40.732763 , -74.003079
40.791756 , -73.974265
40.739023 , -74.030707
40.74551 , -74.002331
40.800297 , -73.961844
40.791103 , -73.969073
40.735994 , -73.987047
40.729357 , -74.003963
40.729616 , -73.99949
40.728416 , -73.98331
40.759238 , -73.970568
40.732028 , -73.999695
40.680948 , -73.976061
40.759429 , -73.990519
40.979149 , -74.122938
40.702234 , -73.98741
40.725537 , -73.992916
40.769149 , -73.952414
40.696167 , -73.96782
40.965776 , -73.856402
40.678118 , -73.470831
40.746135 , -73.978077
40.673831 , -73.962814
40.750725 , -73.949145
40.733816 , -73.999188
40.72355 , -73.988791
41.011901 , -73.944907
40.763492 , -73.992324
40.7881 , -73.727717
40.734436 , -74.002615
40.731098 , -74.006959
40.74481 , -73.988622
40.675697 , -73.97825
40.724847 , -73.63521
40.730086 , -73.986118
40.730306 , -74.155293
40.721791 , -73.994367
40.71907 , -73.961648
40.766036 , -73.983645
40.715027 , -74.011071
40.756407 , -73.998281
40.727424 , -73.986303
40.74498 , -74.002223
40.631589 , -74.027444
40.791276 , -73.972777
40.760562 , -73.990356
40.7681 , -73.959132
40.75252 , -73.986774
40.726752 , -73.987318
40.71726 , -73.962311
40.725431 , -73.992475
40.79136 , -73.968956
40.784496 , -73.973892
40.704946 , -73.917552
40.68927 , -73.992768
40.713173 , -74.010215
40.709689 , -74.006877
40.77482 , -73.913189
40.730253 , -74.003154
40.734205 , -73.992243
40.734354 , -73.991225
40.787807 , -73.953948
40.977051 , -73.80426
40.979158 , -73.99736
40.634166 , -73.947985
41.091852 , -73.92284
40.720129 , -74.563106
40.870893 , -73.431576
40.746247 , -73.98248
40.676971 , -73.980281
40.726315 , -73.995215
40.73465 , -74.006317
40.654634 , -74.304761
40.807131 , -73.946323
40.720095 , -74.047049
40.766442 , -73.979708
40.756771 , -73.972652
40.715614 , -73.998763
40.693325 , -73.971331
40.661889 , -73.931728
40.893612 , -74.476142
40.922978 , -74.11164
40.680276 , -73.763376
40.785728 , -73.97221
40.785968 , -73.649589
40.352608 , -74.064705
40.706598 , -73.759419
40.728388 , -73.998265
40.880359 , -73.864273
40.785334 , -73.972657
41.14755 , -73.425764
40.613766 , -74.015323
40.762722 , -73.916191
40.70665 , -74.007148
40.637965 , -73.640252
40.79054 , -73.975135
41.13492 , -73.791905
40.806262 , -73.940568
40.726002 , -73.989335
40.811639 , -74.218812
41.099459 , -73.416304
40.723361 , -73.994493
41.031348 , -73.767502
40.671905 , -73.977661
40.849995 , -74.294313
40.752017 , -73.9786
41.089542 , -73.915928
41.005927 , -74.044082
40.672384 , -74.111265
40.57724 , -73.961994
40.764304 , -73.970494
40.895861 , -74.070321
40.734635 , -73.992906
41.002027 , -73.681893
40.593039 , -73.997769
40.740457 , -74.001764
40.773044 , -73.974298
40.730123 , -74.003602
40.752501 , -73.973621
40.739063 , -74.002432
40.726781 , -73.989243
40.714355 , -73.947591
40.732441 , -73.996528
40.786363 , -73.976278
40.72971 , -73.986371
40.719712 , -73.84302
40.779716 , -73.959426
40.714987 , -74.009383
40.763683 , -73.965328
40.763377 , -73.921113
40.754767 , -73.968886
40.760255 , -73.975015
40.725805 , -74.001323
40.777756 , -73.949051
40.740786 , -73.998101
40.77701 , -73.97846
40.718716 , -73.957979
40.689207 , -73.992426
40.740378 , -73.989734
40.695054 , -73.994572
40.783844 , -73.973608
40.742104 , -74.001057
40.732743 , -73.99138
40.741188 , -74.004885
40.784845 , -73.956141
40.754206 , -73.97893
40.76849 , -73.955174
40.780437 , -73.954647
40.765793 , -73.965297
40.772112 , -73.956514
40.774105 , -73.912811
40.735074 , -74.005841
40.761724 , -73.770361
40.67516 , -73.981067
40.772697 , -73.981669
40.787971 , -73.953353
41.022405 , -73.624959
40.982819 , -73.684257
40.753119 , -73.984571
40.746681 , -73.981233
40.765382 , -73.957537
40.772085 , -73.95648
41.147011 , -73.493836
40.726345 , -73.986518
40.727011 , -73.989105
40.739129 , -73.982682
40.693887 , -73.96071
40.715201 , -74.00893
41.074402 , -73.54839
40.709395 , -73.830038
40.708236 , -73.943185
40.870443 , -74.547665
40.728041 , -73.999182
40.912278 , -74.391523
40.663499 , -73.984635
40.764867 , -73.916545
40.640379 , -73.966719
40.912138 , -74.391603
40.761068 , -73.96308
41.098839 , -73.418675
40.755537 , -73.968625
41.028727 , -73.765325
40.734927 , -74.006409
40.838546 , -74.154091
41.095213 , -74.005301
41.082309 , -73.867878
40.968245 , -73.712305
40.67992 , -73.455156
40.715978 , -74.036068
40.720372 , -73.993223
40.707492 , -74.001924
40.781386 , -73.979875
40.76508 , -73.988152
40.743634 , -73.984412
41.056496 , -74.466539
40.729664 , -73.998899
40.743082 , -73.634404
40.805084 , -73.993477
40.673984 , -74.011932
40.728511 , -73.99938
40.764138 , -73.98306
40.827821 , -73.437866
40.682279 , -74.000483
40.88175 , -74.211281
40.499956 , -74.42618
40.732582 , -74.002548
40.728293 , -73.988551
40.73476 , -73.955268
40.743429 , -73.923711
40.719453 , -73.996172
41.112751 , -74.151811
40.372305 , -73.999521
40.797966 , -74.475734
40.419075 , -74.374158
40.731882 , -74.003214
40.72438 , -73.992143
40.411777 , -74.038177
40.677456 , -74.301792
40.718385 , -73.989868
40.885516 , -74.240214
40.727506 , -74.000652
40.760505 , -73.922655
40.783317 , -73.946613
40.689271 , -73.991639
41.038788 , -73.598326
40.865898 , -73.630961
40.783249 , -74.035545
40.707975 , -74.014886
40.419232 , -74.185189
40.796607 , -74.473346
40.756953 , -73.967323
40.637237 , -74.075651
40.704105 , -74.010429
40.755184 , -74.031448
40.756383 , -73.984262
40.747005 , -73.955022
40.651655 , -74.324714
40.713888 , -73.95649
40.417774 , -74.178524
40.912873 , -74.036675
40.74469 , -73.993539
40.745217 , -73.953491
40.691075 , -73.421888
40.793715 , -74.256485
41.039513 , -73.549929
40.688816 , -74.299323
40.348184 , -74.309438
41.033981 , -73.62343
40.734976 , -73.985685
40.73107 , -74.00304
40.717055 , -74.358195
40.756177 , -73.984774
40.980478 , -74.119415
40.741736 , -74.051956
40.816386 , -74.220469
40.731034 , -73.954144
40.748336 , -73.985492
40.857302 , -73.93198
40.3128 , -74.067394
41.055431 , -74.119586
40.575485 , -74.552262
40.76112 , -73.97694
40.73042 , -74.004132
41.14013 , -73.424033
40.654139 , -74.306139
40.681387 , -73.979532
40.795391 , -74.339485
40.729628 , -73.957911
40.842746 , -74.465455
40.649915 , -74.348544
40.681436 , -73.979548
40.663812 , -73.523683
40.758328 , -73.966564
40.79599 , -74.481144
40.720944 , -73.988038
40.729918 , -73.959101
41.028354 , -73.764514
40.792611 , -74.476373
40.75644 , -73.990804
40.726116 , -73.989765
41.076956 , -73.858191
40.719871 , -73.990419
41.033478 , -73.946032
41.146163 , -73.497907
40.761824 , -74.150487
40.739638 , -73.989929
40.742431 , -74.006244
40.717855 , -74.036962
40.750494 , -73.990321
40.76606 , -74.248518
40.708071 , -74.005101
40.704314 , -73.9342
41.0427 , -74.071427
40.672224 , -73.957656
41.100039 , -73.412302
40.948636 , -73.987816
40.495679 , -74.444192
40.709963 , -74.008725
40.731163 , -74.004449
41.070369 , -73.814622
40.871158 , -73.429833
40.689042 , -73.509606
40.714145 , -74.009112
40.734939 , -74.006324
40.722336 , -73.959266
41.0276 , -73.630319
40.96214 , -74.246329
40.712021 , -73.948932
40.756194 , -73.984709
40.833439 , -74.053693
40.4153 , -74.229002
40.687812 , -73.970618
40.744271 , -73.983976
40.747505 , -73.945466
40.948488 , -73.986386
40.925909 , -74.245637
40.744957 , -73.983631
40.726778 , -73.957434
40.750889 , -73.981899
40.719661 , -73.955966
40.749243 , -73.977917
40.716701 , -74.008007
40.795564 , -73.935966
41.058437 , -74.022896
40.728695 , -74.004745
40.941235 , -74.185483
40.691249 , -73.984178
40.78187 , -73.952038
40.765997 , -73.987448
40.730569 , -74.16655
40.703442 , -74.011385
40.745381 , -73.978996
40.714273 , -73.956057
40.717483 , -73.958426
40.719541 , -74.047179
40.647025 , -74.215311
40.949205 , -74.153077
40.711786 , -73.951459
40.397969 , -73.982754
40.718865 , -74.045709
40.679152 , -74.011068
40.738265 , -74.005388
40.73259 , -73.985071
40.901594 , -74.004666
40.7033 , -74.011034
